611
id mass x y z v_x v_y v_z
0 0.77 -7737.190592581865 -11213.561815167812 13623.80588706867 0.13973761037389207 -0.11872764416052661 0.18336535452727784
1 2.84 -6678.125579125495 -5765.75383613896 8822.770457714592 0.1708737090757377 -0.14101198903108375 0.22154504170439548
2 0.08 -10107.867392465383 -8624.780644341363 13287.43106799318 -0.01978993194155367 -0.21072519234591913 0.21165242284338712
3 0.77 -4434.572454350933 6328.574604925095 7727.631550675204 -0.014863590853647612 -0.21930322745628136 0.21980635092236553
4 0.3 -11609.658328278065 -7755.474893467428 13961.789187728049 -0.004302850559297035 0.10824105450943493 0.10832654524284482
5 0.1 13899.791362210732 -1288.805605568341 13959.413304359623 -0.12248139357596934 -0.17869043538512414 0.21663786250431094
6 0.68 -10442.01693961294 6267.606455082948 12178.612747064462 0.11798611243317642 -0.19027419749000107 0.2238861160446491
7 1.3 11574.950180109427 6382.824456074877 13218.16627634419 -0.17961177082022584 -0.06601544481414771 0.19135941882015403
8 0.14 1625.2244676804416 -11470.157316251452 11584.725436103521 0.06930312710223256 0.10692021592451986 0.12741607433716576
9 0.22 -25595.410922299565 2334.038760791981 25701.61079034252 0.145483955493057 0.17289448099701024 0.22596035684414054
10 0.76 3957.207953367915 7890.707324619146 8827.386751977989 -0.0027701957614943784 -0.2253617975550073 0.2253788228334266
11 0.41 22791.363108986254 1944.986710035439 22874.203935172787 -0.053287939142313084 -0.21820558881879418 0.22461808353245188
12 0.13 -8288.086498883325 -7939.780031198996 11477.477281911664 0.0433108579463444 -0.07196708952180401 0.08399459738749736
13 0.14 3841.9966698561298 15789.914525331582 16250.610423256809 0.17532111009712104 -0.05166110483324549 0.18277407200770687
14 0.61 -21520.6611119586 6555.5889811264915 22496.9909451294 0.034641652366554664 0.07317148594819309 0.0809574606478726
15 1.11 -11154.33853072764 12745.568368047481 16937.201099433394 0.037580993383951794 0.08285835924017972 0.09098262888980128
16 0.35 3284.1355318040946 2777.180823800375 4300.962627057191 0.18573606219556502 0.12331535044178278 0.2229451960785307
17 0.55 -5193.887293862043 -42.125326136163125 5194.0581210113205 -0.12451327344248855 0.06306480248827566 0.13957336628543837
18 0.25 24368.054195913304 -6678.044853789272 25266.54603154514 0.15653644810435127 0.11512263714266241 0.19431129964005533
19 0.95 -12337.854189948035 25379.059057802227 28219.12976460882 0.08843515227145132 0.18034238311445272 0.2008585355534457
20 0.18 -18190.935174037706 -30293.176710768035 35335.34601126557 0.15950113931975834 -0.05365812716404901 0.16828490144708233
21 0.09 -26593.718068474915 -1991.4622161051552 26668.17883665294 0.18849933198334481 0.0818222817487309 0.2054918099310431
22 0.15 35389.84527199786 -8255.465606057882 36339.97606973282 -0.06548545136689332 -0.009971582074483091 0.0662402958160205
23 0.22 -11571.747083097209 36644.797865621746 38428.46004158174 -0.19237440855219126 -0.08742345707761943 0.21130729734963669
24 0.14 32865.29647655282 22926.224412595424 40071.67925491021 -0.09556380308134173 0.1968088459093336 0.21878336839790466
25 0.81 -37035.487059369785 -15702.319048172965 40226.73396157538 -0.008266888697517938 0.11146636168662931 0.11177249767447987
26 0.89 -23157.425811479436 32719.59733410639 40085.389107756404 0.059056111344779526 -0.11828984592776744 0.13221237437086575
27 2.16 -38619.94781795227 1312.4641144460506 38642.242837509635 0.1234026022156159 -0.15847681549681966 0.20085592668278063
28 0.08 28283.57490605075 15967.877476260996 32479.743234253976 -0.19742013863270902 -0.06687051249801056 0.20843794419324096
29 0.14 -36508.22468674803 16638.237318078085 40120.83512130281 -0.13262570424503947 0.17054744637517252 0.21604631191386958
30 0.61 -16618.501365925076 30882.09959856183 35069.62593562621 -0.10142932431749842 0.12899589859181712 0.16409707396847342
31 0.29 14568.096857815852 37209.44533277185 39959.63298168842 -0.03557807604163783 0.18230163529365404 0.18574091020980005
32 0.48 -12992.445572229059 29463.31368578202 32200.784078871817 0.1782771849578538 -0.11675387040166482 0.2131061259801453
33 0.38 -38264.15366945898 -13644.148459883605 40623.986057935224 0.1859007324418221 -0.1157254236119697 0.21897820894457914
34 0.09 -24516.429913178185 16222.222593784936 29397.548223790443 -0.011548470506740847 0.21642231137385348 0.2167302102417802
35 0.22 14925.877179110868 39685.97641685689 42399.98270902034 0.15425176329107088 0.10800488193778061 0.18830470254563078
36 0.08 -27247.111810962713 -32064.92029762431 42078.072861433466 -0.15764164243761633 0.11158661432696608 0.19313844756387671
37 0.16 -9963.60215518909 21959.782193009552 24114.423108822404 0.05859876795587934 0.19241178615328908 0.20113704546066605
38 0.09 -11783.377929258255 -38198.81355334118 39974.95906572829 -0.20731091018988396 -0.04785758461168452 0.21276315914326585
39 0.48 -43008.635907165626 -3667.894766629108 43164.7566263752 -0.02233008843343422 0.04819519663216383 0.05311694482797301
40 5.92 -35472.59840761786 -23649.3140458156 42633.26509459185 -0.14065292221114106 -0.1634231168800836 0.21561623236049451
41 0.13 24225.871978999818 18865.275846040353 30704.910126722112 -0.19290452724618118 0.09229537583547462 0.21384712537858477
42 1.01 32863.392785070675 2951.2500463901542 32995.643078778645 0.12639720384809772 -0.04055479028576144 0.13274390440144385
43 0.16 -17171.651363545854 30062.87855558687 34621.413570204364 0.09679332895580375 0.18510483205850586 0.20888453121701975
44 0.1 39092.9052701901 15617.98939012253 42097.230729040086 -0.07496056224361311 0.1967279807662286 0.21052549562520026
45 1.26 -18688.49552083983 39386.9226407903 43595.75139786043 -0.01750315368821308 -0.15350656040210658 0.15450121189012989
46 0.15 24731.280912307247 10003.693810386181 26677.89619545386 -0.10297399803547515 -0.1319131825530335 0.16734614427192512
47 0.08 37224.73234284023 -5598.550501055423 37643.385417745885 0.18999661285725458 -0.08965331505739932 0.2100867197088164
48 0.42 38879.51924681348 -29817.77448970239 48997.109020656375 -0.07711141384437384 0.04241682434737435 0.0880077106439788
49 0.33 -25803.972155228126 -3342.2784176306077 26019.527359441945 0.00010659142476429174 0.040589228277621556 0.04058936823731932
50 1.53 49739.48044162453 7256.246454321627 50265.982803568106 -0.03690937848199156 -0.19226011616914565 0.19577092350321149
51 0.23 -14274.304601098816 -16231.003691509637 21614.83871507605 0.09348761423215297 0.12039154044291527 0.15242721878010487
52 0.32 28403.958164114796 -37034.51354812998 46672.69044243546 -0.21025653787627127 0.038380683161482125 0.2137308788164639
53 1.03 20827.497396901097 44488.168724968236 49122.11115494899 -0.1922718864315507 0.05440006501356544 0.19981953204185837
54 2.54 17266.4951329882 -46042.5867464157 49173.688579144844 -0.1038956964914775 0.17792191121777085 0.20603524514226573
55 0.29 4452.590495951343 44298.39205537459 44521.60263081632 0.11119075411997145 0.07727637419884627 0.13540687505104038
56 1.0 -36558.03226190698 29781.580354739013 47153.2846288401 -0.14658393805448225 -0.15034865495054542 0.20997992509046778
57 0.77 -48401.9956084652 -28538.132186100782 56188.77261120095 0.055664033780298626 0.20136241972475294 0.20891459674733548
58 0.08 46628.20794796402 31458.39864504155 56247.849930010016 -0.1337152207834498 -0.01155562153079835 0.13421360831946133
59 0.49 -47668.2420736641 -9617.220543223488 48628.71819584021 0.14912307183174592 0.004622353209005186 0.14919469394628232
60 0.25 -7171.727591968783 56612.85913918334 57065.30904644625 -0.011399845539252653 -0.07326992266796827 0.07415145343207286
61 0.97 28631.120372510028 45555.57107282309 53805.67915709451 -0.13742020285604653 -0.01822247091133311 0.13862312433036328
62 0.08 39928.492733070794 40982.78566497044 57217.770428388714 -0.07223894763731585 0.16998620809557782 0.1846991513203565
63 0.01 -14746.9491299019 -33779.12916006692 36857.863142786744 0.12859766920442361 0.14618290793044295 0.19469669513325266
64 0.14 13508.026209556157 -21569.26612306137 25449.95114269375 -0.008723251782112902 -0.07252355621677259 0.07304629578549147
65 0.14 51826.21035012103 -13240.73921877699 53490.87075674363 0.09620429075235884 0.0967352146517428 0.13642934916242602
66 0.23 -16230.672680601165 -52629.27368807851 55075.17757211034 0.20327219981139577 -0.03781140465818971 0.20675901319746467
67 3.0 28528.16830174581 -438.91550646185834 28531.544533630615 0.1556768991070743 -0.07706222659450382 0.17370631446005882
68 0.24 -13647.462814343784 8668.051935487025 16167.509567809037 -0.08702779592513955 0.17895825577113683 0.1989972225239221
69 1.13 -38157.190614236984 -28626.666962505155 47701.753185322224 -0.0075936193304222445 0.1743155426494466 0.17448086274347221
70 0.16 28646.448554750586 -11145.663127683689 30738.328213417524 -0.09046171441347695 0.18950235147462782 0.20998681622673085
71 0.6 41951.35406666097 -24009.027023350776 48335.799224118964 0.06177495371355423 -0.1685083615759134 0.1794748250516226
72 0.47 -19094.472462394 764.9360862267804 19109.788220520255 0.035587047124532534 0.047443747370249374 0.05930722626776389
73 0.49 55078.981299796425 -29857.03401163578 62650.91109469439 0.08208621540478492 -0.18814905392375078 0.20527594416268857
74 0.53 -55411.50300920124 -12043.679603908033 56705.24564923696 0.1020051943085885 0.14383704908828293 0.17633535197559796
75 0.68 30057.90626748246 -8279.59470223747 31177.386317940123 -0.09675562245349777 -0.053774242088822546 0.11069471346270832
76 0.36 26031.486780312178 -43163.565776262614 50405.67145188443 -0.16500509828290158 0.11325654600863835 0.20013427410905116
77 0.29 62441.701373553035 -6585.908586750477 62788.05827812331 0.1462266527862899 -0.08126914536378704 0.16729288082056132
78 1.33 -36447.52876342217 27716.847249007395 45789.14690606602 0.18113093810813855 0.03938406128179663 0.1853632137803578
79 0.1 -23579.49909399907 -467.2558145226783 23584.12825440254 0.16395294165020569 0.12131734739180004 0.20395701962408266
80 0.15 -47643.52614492325 12738.308292357224 49317.03642427353 -0.11549321710729556 0.1301488526161738 0.17400404315733423
81 0.29 -36296.62053436177 26230.224239109764 44782.46672358987 -0.19873859859013063 -0.05356941196016674 0.20583175767438588
82 0.38 -7157.1762868321475 -20746.629189995318 21946.475688546398 0.06051776691583729 -0.06656173008084194 0.08996034695261279
83 0.82 41581.25019893123 45889.96239052527 61926.480735707424 0.07694984926305669 0.09448914025833348 0.12185842986172997
84 0.63 -2941.9101301224455 29723.806732578927 29869.039520704737 -0.0696202323493534 0.0626666696555953 0.09367010322456927
85 0.35 34416.35878008873 3401.071690224815 34583.999773332165 -0.04779709849986708 0.19141843892904792 0.19729566996525708
86 0.19 -15019.712408695312 34989.42280330766 38076.915171118344 -0.05059375439554404 0.03643712426018177 0.06234895354525655
87 0.18 -58544.93053821145 -24785.430136792154 63575.36031191493 0.1671562063647825 -0.09683292593852182 0.19317818943162557
88 0.78 58341.319708780655 -13752.581978910377 59940.32946563447 0.18608115221307642 0.028300273447191288 0.18822088270468798
89 0.58 -9714.910754912102 20137.51289328254 22358.419365040707 -0.1294767407281123 0.15830059253679635 0.20450746682474857
90 0.14 14504.00060349271 62929.41151125461 64579.22937492318 -0.16501429824961575 -0.040732344223049825 0.16996718063413935
91 0.21 9570.948747018956 -2395.15408506448 9866.094617895413 0.1393781946750413 0.0012654463922938633 0.13938393919474898
92 0.16 -47493.570090551875 7047.779093022753 48013.64795649475 0.06591590772633964 0.046624067769511286 0.08073853223067226
93 1.03 1613.3783987553988 63595.018253546 63615.48032143135 -0.15193184882458383 -0.10234041393033093 0.18318528055137964
94 0.93 -40500.479966317114 55230.59911959613 68488.7432839265 -0.05763505675221568 -0.1296140421977364 0.14185062460795764
95 0.75 -70517.62057299058 -3196.177558450044 70590.0160239492 0.19465156158236036 0.05000553079060474 0.2009720964116699
96 0.25 -33338.61415947706 28669.96153155498 43970.78448578472 0.11143561446451344 -0.13998553383985926 0.17892413435731375
97 0.79 67169.57636168286 3986.7233212182105 67287.78456338038 -0.1641614689855369 0.05247218929342275 0.17234360605701096
98 0.36 -29054.380391313454 51871.65027407789 59454.39531337767 -0.10843290492575283 -0.033110292874568195 0.11337542222579389
99 0.21 -68873.37557242256 -11443.996756091796 69817.669142513 -0.07370196512139875 -0.1424906815627569 0.1604231092921929
100 0.12 7853.151977567084 51454.24558401529 52050.085346740045 0.03879295578472653 0.0831126834820186 0.09172028987142351
101 0.14 -7099.720673911385 -2520.0573942565893 7533.70578917919 0.10923514967740212 0.1620662604984778 0.19544255093762186
102 0.15 53539.04975711071 46171.16954131233 70697.9967587978 -0.09946763583167807 -0.13051782586539193 0.16409970580891392
103 0.15 -19525.93418743868 74268.2873083511 76792.19104575654 0.12629894774086348 -0.08488035852833985 0.15217128331044882
104 0.14 -73607.94230273255 24931.872943430484 77715.68347836727 -0.00011866223667617449 -0.10487860218125002 0.10487866930991885
105 0.09 -57679.38196065329 -53074.89728463333 78382.75208958483 0.13033041347588845 -0.003100059314277685 0.13036727750685018
106 0.58 -69945.44015913742 18001.474981358657 72224.77206997579 0.12606947781709918 -0.04906130818762638 0.13527943375900608
107 0.31 50137.02449076221 -59842.52827189495 78069.51655262019 -0.10185081018378568 -0.06852594017528625 0.12275745196117609
108 0.26 -69209.10199575803 6448.811284950396 69508.89846665779 -0.17271488922868883 -0.03659369920077759 0.17654895010301036
109 2.73 -29134.669936612965 -23788.378627434107 37612.70995338601 0.0573864486741837 0.18199782284377125 0.19083084659275468
110 0.1 45065.54441736642 63741.46721427213 78063.29442357499 -0.113451047202986 0.04460046312965449 0.12190300005674112
111 0.55 -34300.930741386604 -55912.35244914288 65595.31237918283 -0.02906359354741142 0.016596104630352382 0.033468241047159
112 0.21 43346.990260679544 18537.50595806285 47144.46618432181 0.047711400741999414 -0.09092202062671763 0.10268004477798462
113 0.08 -48731.410729088144 -32774.940494636634 58727.737195247515 -0.19264325712209338 0.016205676751000285 0.19332368834047964
114 0.49 14339.2284615974 48051.6407952081 50145.52478522478 -0.013172496071782785 0.19105046907257556 0.1915040375177826
115 0.44 36134.328264531236 69549.98065704782 78376.58763000995 0.12610499603890224 0.12233813223286281 0.1756960119757901
116 0.19 -36220.907276173726 64553.410804430205 74020.92251785775 -0.06079954214003624 -0.18434355862421428 0.19411113293852358
117 2.86 -50438.14012517473 -49699.436260791204 70809.8859194619 0.06045166360028902 -0.029954408225783852 0.06746606705744315
118 0.54 -71788.27019098857 12331.314701450454 72839.66679825346 -0.11334540528201911 -0.15571403027725636 0.19259813115326815
119 0.42 -68508.46349960021 -33257.228602474184 76154.1385966205 -0.09320159961709623 0.13420381588845767 0.16339278555128608
120 0.53 -4392.128782280858 78051.54974209683 78175.02934046878 0.003999320133483465 -0.19312232601010318 0.19316373201272194
121 0.19 -71971.89941755154 -375.61091210166666 71972.87954033412 0.11576657070184644 -0.1568552587996572 0.19494991947978088
122 0.48 48064.34970772998 44506.85154988127 65506.04207025587 -0.0927421172609383 -0.15805844104326694 0.18325820881769395
123 0.15 63959.02387663932 -44994.490567604844 78200.13373831788 0.12030291310248663 0.1461112970439304 0.18926516326256165
124 0.48 52026.504098524834 -39944.13529593084 65591.85218648311 0.11288462332938236 -0.15892671932435354 0.19493752922261628
125 0.09 -12664.045349735725 -52065.5364508029 53583.56212991115 0.17933347654031032 0.06347779810955473 0.19023650191504105
126 0.76 -29059.32186619278 -34215.29188131731 44890.20367348235 -0.0729955782081591 -0.004674001083126765 0.07314506630025393
127 0.54 71335.37357507423 30800.87469919015 77700.8970690211 -0.19081804168160818 0.021719318189100948 0.19205013359485945
128 0.12 -5194.537825359752 45787.59866294917 46081.31307307114 0.07757316008842349 0.013450799382633633 0.07873067489953352
129 0.72 15307.237276962045 -65715.64676245637 67474.86748754056 -0.1481372672353176 0.08870079447392709 0.17266291114264742
130 0.19 -60198.33705659711 -35282.31942301712 69775.94032506825 0.1829535096329796 0.058619750380940104 0.19211523058245147
131 0.09 61272.49090442359 -47692.62755824931 77646.02285399138 0.1813910808208857 -0.07070989188962598 0.19468593429524303
132 0.36 -47795.01351159351 34214.972414924356 58779.48327373626 0.044504965367039864 -0.15453753019620797 0.16081834528891692
133 1.43 69145.33252315526 27725.07465114542 74496.68968584645 0.06585135921885106 -0.1793267958004727 0.19103534019399288
134 1.32 -59847.01918543788 38227.722023653354 71014.25516401535 0.010582332969227552 -0.16689996989217865 0.16723512107533434
135 0.08 -1160.2072428940385 76102.90709442507 76111.7504007703 0.14654891486287858 0.07013505316457676 0.16246695088504998
136 0.25 -15545.730481860095 75824.17756336083 77401.39300668113 0.05653626669186545 -0.027192137295931288 0.06273565000997848
137 0.13 -28130.3832190533 -73083.34881980708 78310.24412405054 -0.07165480086067509 -0.18079283816350847 0.19447483337851088
138 0.95 -30381.254808076235 69331.67594242445 75696.11570416683 0.19397575859999225 -0.017372936076274697 0.19475218569339034
139 0.33 -35585.51507414412 -938.0605609018442 35597.876912929205 0.09970816045329367 -0.06760151048036368 0.12046444072923128
140 0.1 -68769.11282112749 -20716.062303894607 71821.62707418848 -0.0015921607473126198 0.17897389896610652 0.17898098079677455
141 0.06 52930.281145339264 39829.25807399694 66241.86335580927 -0.14752178704786884 -0.10107369732726457 0.17882552934410748
142 0.57 4344.099565077369 -34945.14785651643 35214.124435304366 0.18302256148873866 -0.06632848926573909 0.1946708157433322
143 0.3 -792.3695918850445 -9953.055480012225 9984.546206931262 0.1509399482795775 0.02686790420124133 0.15331259655621454
144 2.48 -32301.69395700673 71426.87600305106 78391.31360072592 -0.058700105200910145 0.15045040191470674 0.161496209822072
145 0.18 23096.04381330504 61931.71174260313 66098.14036109482 -0.09017565155533018 0.16683610320730086 0.18964686516477267
146 0.17 721.9944259566322 -78225.19883613719 78228.53065796591 0.17307575859366214 0.08974671948440464 0.19496074443585826
147 0.12 -29185.161966556214 -72665.69746011193 78307.58115520257 -0.015122717275092196 -0.1773848229407146 0.1780282898516161
148 0.22 75059.92635597696 22477.67805395641 78353.29319985217 -0.09952817620284464 -0.1088649130531193 0.14750399029289923
149 0.2 -26192.142011450447 -69727.55255779283 74484.62854071133 -0.0919287964490745 -0.021922282858327674 0.09450656116003747
150 0.28 -30399.577822246003 34065.27034432219 45657.16784254744 0.07506062740313484 -0.11446609073509206 0.1368816412610784
151 0.65 -67162.35197555234 -36673.962345012376 76522.94451320705 0.04019707996299575 -0.11063965472448822 0.11771549785438383
152 0.1 -36503.840622150004 -38477.75018448135 53038.36007482399 0.17469570558588832 -0.0476635775232268 0.18108121430028026
153 0.16 -11534.578124097234 -47123.25801651949 48514.40959748321 0.13838407578415865 -0.06637064372928958 0.153477082262063
154 0.43 13200.88665915721 25542.749610205625 28752.31236331392 -0.02964237742039896 -0.08123572861664644 0.0864749336109072
155 0.08 10409.401557854291 -57102.24050952902 58043.27275404754 0.0715355662711146 -0.178613425055239 0.19240606240888697
156 0.11 -20817.579746573458 -68254.53105758311 71358.61991655614 0.06024283095822709 -0.13450152851571617 0.14737659195043673
157 0.62 62610.750309995514 646.4824285135109 62614.08782303692 -0.18537311262699488 0.020591592086519575 0.18651328250201954
158 0.52 38681.76428610189 66147.70701586718 76627.65839918739 -0.06842441978683106 0.13133962151566583 0.14809455561580523
159 0.56 -61891.744470178506 42813.84110918524 75256.97990276005 0.07506562139259361 0.13985733196684336 0.15872907994422455
160 0.19 -11048.880652745192 -75820.14963152185 76620.96876067916 0.016178083542786388 -0.02711062121429191 0.03157081199054263
161 0.23 52505.33474096245 42506.39867232294 67554.4528832184 -0.018097038333340292 -0.18822246748296703 0.18909045470836164
162 0.36 -42064.38941120574 52363.90889279525 67166.89520195583 0.16612886655330553 0.06303062130713417 0.17768415665064052
163 0.15 40752.46188724618 15195.077167062667 43493.14336748313 -0.04496454623437239 0.047360185513726845 0.06530541776880104
164 0.04 -74266.79971842888 -24219.703380158535 78116.26957452648 0.15964389592626566 -0.049175790215608216 0.16704619675361018
165 0.3 -13154.001885642469 -15050.600951652234 19988.705676290316 0.1450224220043966 -0.08364934788578425 0.16741778963341455
166 1.8 -61352.34521773783 -26602.738865584088 66871.63807524783 0.14091223405397643 0.06816537177894517 0.15653362455346279
167 0.08 29658.06889067956 -67164.28530470126 73420.99339300446 -0.0887522897229892 -0.17335049536746014 0.1947494882540574
168 0.14 -34488.50543177689 49263.35881604712 60135.97532888538 -0.1593989716606712 -0.02356465515631376 0.1611313909178328
169 0.01 77436.73092056483 7054.700082715686 77757.41822437929 -0.16963213541282854 0.0826845423909683 0.18871087651516016
170 0.1 40314.68112020977 4605.171891734077 40576.85451062731 0.0037498627105459733 -0.19488970794046404 0.1949257800586349
171 0.71 -18157.005729719043 19682.71450147573 26778.463496168955 -0.09728058199486998 0.16583791440589152 0.192264727622506
172 0.1 -51612.223713006715 -38425.35281043473 64345.391250716915 0.16610106005602468 -0.049482322792624815 0.17331492267167484
173 0.09 -18559.690342820304 20501.86989027388 27654.81467338185 0.13260284754637056 0.030011352035757614 0.13595659759062878
174 0.09 3862.9927658801607 -57187.94857167303 57318.27086493068 0.11764730887266972 -0.10322675456574906 0.15651406372322824
175 0.23 38596.30995144865 -32352.055979285975 50361.996266581285 0.03482380282138296 -0.019794401590122843 0.04005640494669507
176 0.18 -45618.50077407683 -51882.46965220977 69085.7313060151 0.0010796735253509097 0.008155901130264622 0.008227054039447864
177 0.13 46791.37052592895 39116.529375129954 60987.99247434021 0.14672180473746793 0.09504402501149906 0.17481605954776044
178 0.45 479.2283421543197 76674.95198146233 76676.44958632004 0.13530727764229306 -0.12454184074898922 0.18389869352476426
179 0.59 -42440.98341075836 -57591.79962717607 71540.56511636642 -0.025529047630613918 -0.011704154070193295 0.028084150252855725
180 0.47 55671.34831782507 -51511.22625050938 75846.59157375347 0.16316756147180264 -0.03718324221070058 0.16735066960712802
181 0.13 32673.57578903074 46522.10244259214 56849.5256842181 0.03185391991325209 0.1316612296090664 0.1354597785175038
182 0.45 62443.11218149121 -38059.60993802518 73127.80707463421 -0.1492426530604325 -0.07220918727118372 0.16579365554472072
183 0.09 29334.02101294502 -2184.854584459846 29415.274575348354 -0.18633393637700266 0.05464541683759797 0.194181506398276
184 0.63 67602.11442166164 16934.222264950567 69690.84414755055 0.11968792137700837 -0.1293833281437481 0.17625335209607146
185 0.14 -68385.63176472958 -5629.3764292139795 68616.94040718356 0.028279106331645557 -0.12290930362053129 0.12612059614274135
186 0.49 -44861.21554800576 19126.26268577058 48768.253862217935 0.0797962830536957 0.11708513646968939 0.14169112876715786
187 0.27 39354.34081132689 -62305.561549661776 73693.60311935333 0.10841489419199601 -0.07057283083880779 0.12936117553294213
188 4.85 19209.819237679298 -42965.05159538671 47063.92263441877 -0.02856240325338896 0.157938199563793 0.160500111405138
189 0.18 73378.82307923755 23637.073742071294 77091.91223197257 0.17947483371607356 0.07530969602552427 0.19463495640010076
190 0.91 11348.970773003473 -31858.782205764423 33819.83354839019 0.1359841061672003 -0.060931074073026004 0.14901098254083484
191 0.52 482.56572286547083 -15004.306414578452 15012.064503573278 0.013782181906624029 -0.16119760039770856 0.1617857067607847
192 2.5 13317.226032845878 -26389.29182869282 29559.14803288183 -0.18818921115374723 -0.0474401128742463 0.19407664337624683
193 0.58 -70545.62250433218 5523.859953493165 70761.55653537833 0.17421214438501947 0.026242372259923447 0.1761775620022461
194 0.43 22220.77702772146 7301.648208537018 23389.677173423013 0.051926267992842244 -0.01619343665828007 0.054392689752118355
195 0.12 56848.53258722987 -44244.94640890889 72037.28853898206 0.12792594471172147 -0.12730450474151866 0.18047571653236277
196 3.58 -8906.871901291826 -76681.73091758013 77197.2811929422 -0.13941119742717525 0.117848568514149 0.1825479856610664
197 0.6 1754.3407128191589 60818.92424383224 60844.2212335211 0.17912942769566373 -0.0759714147090336 0.19457391325526652
198 0.62 26271.15968028226 55511.53551441597 61414.20361866751 -0.17207907342638604 -0.08350483715696026 0.19127013708337745
199 2.67 -23675.193900585276 -49217.39919418958 54615.63136749884 0.17610522136113063 0.06417099220279253 0.18743256182142867
200 0.02 -9045.200760837335 -8118.1169913006825 12153.990303118444 -0.18388876761950826 -0.06067865078011929 0.1936413631358682
201 0.09 -71308.39027427162 8840.31723000999 71854.2812380379 0.0032173859189510274 -0.007295121623924108 0.007973103013213204
202 0.24 -76413.43270479655 -17135.22307160771 78311.10117629702 0.11922913531393435 0.007842173540009342 0.11948676241969272
203 0.17 -53507.99687829984 -1303.53760279863 53523.872619701724 -0.1461639314673305 0.10167567609783874 0.17805009961226956
204 0.64 33135.863270628644 65764.2920527437 73640.5292205886 0.1293266773419316 -0.07190212352396173 0.14797062154211263
205 0.24 -60050.744422524374 43218.22414330589 73985.85543061842 -0.1943885406253724 0.0061489010402196575 0.1944857673724853
206 0.09 -34940.58020420058 23146.78772941252 41912.02604499877 0.08419946626834578 0.09591533387614612 0.12762954748978342
207 0.12 -67873.30782035518 12832.288239671885 69075.70872559115 0.07427646520567249 -0.13751146788757818 0.15628946568481805
208 0.51 -22761.69418239217 52474.529694327735 57198.52260936142 0.015741834820015916 -0.062987511404975 0.06492481772398379
209 0.19 -49628.10702680677 -58298.67918707341 76561.64184512694 -0.18213313969461553 -0.0674536925317381 0.19422276182565368
210 0.56 71456.03699468051 3811.916139365475 71557.64059580714 0.11566421941916868 0.05356669630637602 0.12746608414407776
211 0.18 -44519.1286101819 54748.22241378709 70564.30166649008 -0.02780621146545329 -0.1753033842087046 0.1774949630583533
212 0.54 16594.863382111824 -19367.314705776782 25504.555859366643 0.1916513077501296 -0.013947260639574544 0.19215813758902617
213 0.09 12140.587080423378 -75038.0228595908 76013.80617581133 -0.04321583469744954 0.10583923584889739 0.11432214227207173
214 1.08 -75180.8103980833 13995.790984098749 76472.4552854368 -0.015546127661306045 0.18651769206535693 0.18716445052052202
215 0.14 610.3898033321567 41851.03885033689 41855.489825880904 -0.13585500300975303 0.13965959071311848 0.19483681151398413
216 0.24 -9557.198499407807 1218.167368311466 9634.519961798913 -0.07322797604292827 -0.11220892148865025 0.1339894717393488
217 0.61 -1165.359474988859 71459.94799111318 71469.44962428734 0.042962869222382294 0.18364614431647416 0.18860465119961062
218 0.05 6114.698844843043 -35668.125154459965 36188.46078513625 0.04943726709562632 -0.1010248492590901 0.11247250128678643
219 0.59 8885.081255400808 -72466.29052080128 73008.95788025089 0.11150614430313406 -0.0422023081338354 0.11922522815735999
220 0.18 -63392.65030975339 41888.01034087467 75981.79731759377 0.08141970481338051 0.0880030735686514 0.11989040532681292
221 0.61 -70261.52111004744 28639.237165937866 75874.15405883928 0.1675702499744613 -0.09401781866586627 0.1921435372402391
222 0.19 -74971.6478870094 -22544.42625177012 78287.92462388579 0.11710386134914116 0.11093305659558525 0.16130547848265478
223 1.2 -78373.2396580026 1981.3286263638083 78398.2803230808 0.07291558986553548 0.0649507810205672 0.09764879518263732
224 0.48 -50985.32977935793 9417.59086335527 51847.80487522529 -0.18648679181422467 0.040846768413149034 0.1909077840502042
225 0.09 -4733.944925218425 -77127.13744652357 77272.28199846268 0.09627329913527632 0.07311941014026604 0.12089249879810922
226 0.12 -47224.308532758914 -11698.251710881883 48651.66399506143 -0.12528899414634204 -0.1494166008315212 0.19499398108210486
227 0.53 8236.174571818976 75240.26797297632 75689.71195758882 -0.09983085362607463 -0.1674548365507438 0.19495466555060195
228 0.49 36632.456890048554 -14138.261934870428 39266.10941181048 0.048017458351862385 -0.150743070931512 0.15820603572694594
229 0.33 -43307.002495460656 -58275.764014536304 72605.51726019008 0.1861655475444881 0.0576734081585906 0.19489441526417953
230 0.41 -34480.201651684685 33257.02635382908 47905.26179701058 -0.009444855723149116 0.13487722372249886 0.13520751006774775
231 0.56 70748.83124701415 -11919.567320681272 71745.89331753239 0.09053160372605251 0.17235275119679078 0.19468292713618693
232 0.63 20322.06845597423 75463.86778001973 78152.29879312318 0.06288790435625921 0.01583100252444749 0.06484989711056656
233 0.37 -46556.25325962608 62670.04751578857 78070.60633302166 0.006046978224245651 -0.19239486265459446 0.1924898675814516
234 0.59 -57356.90868623567 10521.256614253618 58313.90755886758 -0.1853715471773485 0.04259387193498963 0.19020212519669238
235 1.94 -13852.397730439036 -8972.907776527285 16504.6053224043 0.050090411834655096 0.1150816539784975 0.12551030411959005
236 0.2 32727.270409965447 55173.402635676684 64149.657730072846 0.02750878343472321 -0.19303321559871786 0.19498347491631077
237 0.72 1722.3084742859703 42442.08177034999 42477.013212815145 -0.03799841489732332 0.1393583248361815 0.14444591456962635
238 0.13 28857.166541428003 72712.70320322382 78229.6188660013 -0.11222362623604157 0.15935719715033123 0.19490730763410666
239 0.09 -13963.710412545297 39709.41735210451 42093.028341152225 0.07811955079357755 -0.14367933164197275 0.16354331095240285
240 0.2 49499.17534515949 55791.41060626469 74584.51486258839 0.08406927318900004 0.10629762832645545 0.13552427266861086
241 0.71 -36008.89392606646 -16469.701866991625 39596.60997315671 -0.0317583943019219 -0.19202318939184546 0.19463170572353544
242 0.27 -23780.9923733181 -43143.96275899132 49263.95356453889 -0.1781660960744728 -0.026301015529905134 0.18009692170695918
243 0.16 22567.21356082574 -47415.6632537747 52512.13430908401 -0.0029088072099108368 -0.1289689716804853 0.12900177059136145
244 0.08 -48603.00618512732 58538.766566728 76085.73717448887 -0.02437432775587065 -0.19284409657435556 0.19437837697935945
245 0.14 -38502.980745014145 -53041.40708764569 65542.88971420379 -0.05407025305206052 0.1170150128360938 0.1289034735534503
246 0.14 33392.819250608554 70465.2207909308 77977.09739800809 0.02872181203761067 0.15178824387035328 0.15448175770611128
247 0.16 69396.77059185175 -4141.837354317088 69520.26025014374 0.09706712435208409 -0.16182525321036706 0.18870463483068553
248 1.86 58331.2905706062 -52344.248780770424 78373.84665853577 0.14742728068667738 0.03784895520773994 0.15220823401178354
249 0.11 67589.81803172655 -21190.948365095086 70833.88874101177 0.04905962070247507 -0.14521725294497273 0.15328045190550202
250 0.31 -25558.512818603765 62900.58978506551 67894.93186393089 0.14180321103190965 0.1054354102118542 0.17670533773913644
251 0.26 12879.18306168431 -75874.97052475846 76960.27877073563 0.1383871721015165 -0.05245580414939618 0.14799534043751023
252 0.14 -57364.5185387517 -29137.446552592963 64340.33555078804 0.019938739484469725 0.00023536340501139854 0.019940128589404096
253 1.09 -27869.33955162576 -37232.92425112237 46507.964214031424 -0.10321353421893052 0.12343778369284068 0.16090344958689626
254 0.48 12020.818118909932 59724.730305089324 60922.43821666668 0.05162627199448567 0.1435650844143324 0.1525654135869038
255 3.41 75971.9802293566 13675.410891132397 77192.99607484511 -0.036365126093153344 -0.1859393615063028 0.18946205043000697
256 0.38 75689.25305933425 19655.990947969665 78199.87857296587 0.13961423642464188 -0.0730574125338691 0.15757385740845384
257 0.08 -20992.42743924558 73152.49922817228 76104.99427185931 -0.0440224428727295 -0.18015291566645297 0.18545362897394824
258 0.64 -67128.57499561326 -32195.022016664203 74449.74831116064 0.12226939542024626 0.1420242376255932 0.18740514701993513
259 0.08 16587.555191567717 -50280.72365143856 52946.181714507395 0.03435254377342291 0.17999131103488422 0.18324019567704397
260 0.09 -5663.500954273567 -71505.48689878706 71729.42143703424 -0.11696663429990568 0.025359526324879995 0.11968416401040764
261 0.01 59434.47180738876 50786.25711058122 78177.36469289145 -0.01219950213659214 -0.02067012329843508 0.02400170513845266
262 1.11 -56539.57785107208 54312.14852405651 78399.8299798961 0.010379828978624292 -0.032922525796827064 0.03452004569041344
263 0.25 -41032.17793371516 34269.238476873 53460.45577591772 0.17375484228120208 -0.07335674760468541 0.18860529588350095
264 0.53 -53418.708465893025 -38995.87397071086 66138.01177011323 0.19287848588594594 -0.028345637802184083 0.1949502128751535
265 0.14 -29500.591147249103 68653.39034206174 74723.30883664513 0.07329174503546244 -0.18060670761368167 0.19491142276787457
266 0.57 -1673.9525376943568 46787.590115029074 46817.52562738039 -0.049498326250147794 0.09320516970728542 0.10553334999766635
267 0.99 -54381.44351950867 -9835.68491310894 55263.750297780825 -0.0012237801625424065 0.07325378099993553 0.07326400254335513
268 0.19 -60045.96657025117 -35971.90538625162 69996.40046797521 -0.17483017497284367 -0.026124664570319995 0.17677128777023393
269 0.17 -73715.22950427793 11945.586142918926 74676.85109300114 -0.03234175752824984 0.11634578830650853 0.12075732580957149
270 0.11 -26648.722891860478 -69367.56743912165 74310.25396396017 -0.07871442347292408 0.16096261058463587 0.1791784654161765
271 0.55 -14779.293100681341 70693.16122665277 72221.53798399317 0.09452671506726149 -0.028205585135214623 0.0986450956420393
272 0.12 43985.41772363936 36679.794925579656 57272.36967426463 -0.18711727191228164 0.036894069635284736 0.1907198097265934
273 0.83 -68288.75492436271 31903.509946860566 75373.65584903723 -0.16184313412253587 0.021356712764374803 0.16324616149455137
274 0.78 -70161.36792645877 -20613.994470016325 73126.9739379511 -0.007067953893696284 0.005967031488092951 0.009249942541622041
275 0.12 68439.65328660143 30568.67433267322 74956.18715254431 0.029419388150047302 -0.14555168303640764 0.1484950936356283
276 1.13 56229.96824497037 -17896.2548185363 59009.19644733657 -0.046956835099297475 0.17196068902041634 0.17825662100163056
277 0.53 -70461.81186482596 31037.976024808253 76994.95364626632 -0.11912152381931304 -0.04355239706029112 0.12683354732377558
278 0.15 56961.86663397949 29841.06503764651 64305.08077133808 0.020834627081853765 -0.17888230199938246 0.18009153132293085
279 0.04 46291.73817159292 -60281.9484632712 76005.51515170328 -0.11878368320605263 0.06711861966245307 0.1364348654171246
280 0.11 -19914.08217334257 35990.870327034616 41132.875120808916 -0.16737644024920784 -0.08237917517514627 0.18655080073008018
281 0.2 43911.35399054333 64044.04985097196 77652.09160477642 0.13704391394634144 0.11768277141113555 0.18063850374916698
282 9.32 36102.476706145244 68961.56527351531 77840.13302462343 0.05535754920252386 -0.008012308297755559 0.05593438421908417
283 0.36 -65043.78585550994 29084.548255350197 71250.29842488542 -0.027352339922788987 0.1903689826713384 0.19232394562969046
284 0.17 30719.503922663058 -27989.24491202078 41558.22123238183 0.010954571050005548 0.08338137680938773 0.08409789905531959
285 2.23 77772.05420143918 -3941.0040711231118 77871.84297164287 -0.029126887597120125 -0.03258460372132038 0.04370505669565887
286 0.33 -48358.61723720862 60562.38258260426 77500.69706252053 0.0018975297050244319 -0.14148739685901165 0.14150012045549965
287 0.55 -20089.733407021897 65796.28152514306 68794.97111636208 -0.10325829538539238 -0.16384427217915196 0.1936678111917749
288 0.53 -2377.4737003101313 78578.51679386618 78614.47502031401 -0.10156290007635838 0.1245534065279221 0.16071270562600265
289 0.12 56462.56147157678 18725.52157645201 59486.687638847034 0.027465231287033195 -0.11926747138909459 0.1223890054751599
290 0.72 70214.27112519467 39076.26756789098 80355.45131899737 -0.16417243306792206 0.09535237800698965 0.18985432249761708
291 0.19 -79013.46874751992 -10793.286612370739 79747.24621836224 0.1090008810820238 0.056241942509360085 0.12265540417724632
292 0.32 55631.18819274975 -46630.2217595784 72589.30142303753 -0.08621964967508496 -0.10103568305222584 0.13282333093219809
293 0.18 64890.62914424131 -33924.970460364035 73223.61211707623 0.16626966955873773 -0.06934577935013286 0.18015115911047908
294 0.11 65768.29393638925 -12964.661469527193 67033.95359310636 -0.1839127757458192 0.02343982349036615 0.18540047035482812
295 1.38 15176.015068803368 61277.61519724575 63128.896375829914 0.021258678643319796 0.18712691480146482 0.18833059671963717
296 0.36 -35191.072152426525 64393.55883618036 73382.1639012227 0.0029507748613624945 0.014025652023514606 0.014332689453384811
297 0.12 66385.12584753851 5998.352500868545 66655.57115889265 -0.1543230323922311 0.062054109621701645 0.16633192972991018
298 1.13 -80643.09863729081 12395.593044689862 81590.19600879372 0.1290500226989263 -0.13856043288186168 0.1893486253422567
299 0.29 58603.49663292573 49876.74379828168 76954.91790343725 0.09565277571288532 -0.12760090200753396 0.15947239163791277
300 0.43 60065.63388355157 -54461.63953087675 81079.90228301965 0.1667403203749813 0.09331060875465536 0.19107381857521916
301 0.73 -44178.751226542314 -64869.02833974501 78484.09327806084 0.08344254167603113 -0.11922222598687064 0.14552180912365215
302 0.14 10620.911200823817 -37707.08098351448 39174.32464042111 -0.10022605731998033 -0.10061260319771578 0.14201464180896628
303 0.08 23915.372561952925 13800.370935770647 27611.506346845224 0.09859538980910508 0.16355118306585234 0.19097130772409068
304 0.48 -12198.520810671624 -46031.25692776292 47620.16930165317 -0.16917629987248914 0.08778134630575142 0.19059429476717457
305 0.03 43582.44502199028 2948.7436660397952 43682.085610726215 -0.12154222841892481 0.1473356800352344 0.1909982091551726
306 0.13 -20407.568725215977 69401.34451342253 72339.58447174808 0.18953082556551973 -0.014718861940740458 0.19010149588148445
307 0.93 27355.840376499065 -72988.21673742318 77946.27499254572 0.01684046667580115 0.18919651227129378 0.18994452235713613
308 0.67 -32108.03641571478 77879.98347024892 84239.05167912986 0.117242542785868 -0.13080762121776157 0.1756600341783682
309 0.49 2375.7579725505598 -28186.6980094411 28286.642971896974 -0.11232095344010293 -0.10469155830305121 0.15354582039773973
310 0.23 78388.99465719658 -24422.957295075998 82105.5133739696 0.005600326366228433 0.15180422052599288 0.15190748837668455
311 0.45 78576.69601061732 31640.46072552645 84707.82673914227 0.08140015266974729 0.16066459852544582 0.18010857301639158
312 0.22 -53617.271337336126 9972.58913501116 54536.81618610742 -0.05961811132224759 0.13216166302598786 0.14498629028782917
313 0.71 53327.105449038034 -49170.141111445046 72536.08034965936 0.12929155305972856 -0.13555559429874756 0.18732758696541002
314 0.08 -62766.716976108524 -58932.233942168736 86096.85799942652 -0.012461196691201423 0.1202976906815531 0.12094137342651373
315 0.4 -5369.822137201959 78701.17541455432 78884.1555790365 0.026398823416179752 0.16625557660654752 0.16833839321596908
316 1.22 33308.899054843234 58807.706752686856 67585.7169064274 0.1721357231727656 -0.07508817602588469 0.18780026989092757
317 1.51 -5446.837279318636 -56031.56934689906 56295.69077490509 -0.03984164894035668 0.17781420735511766 0.18222307572756918
318 0.19 -8702.276161444806 71025.81762305906 71556.94501174639 -0.15197613623366113 0.07650104739284716 0.17014451574092823
319 1.02 53313.14531920853 59447.34030793916 79851.59819011122 -0.03449519768255269 -0.100436809395899 0.10619543937847112
320 0.53 38369.608361552746 43563.478818657546 58051.73152114038 0.16851254558395107 0.0833516956573979 0.1879999552876188
321 0.2 -54341.79834258582 -42435.525330979304 68947.84157043968 0.09514497763831928 -0.12486691666646973 0.1569850746013371
322 0.68 21198.912597645696 -2231.190301879481 21316.005852077975 -0.18143485693792408 -0.04657454584934267 0.18731736607468488
323 0.47 -43306.74010789312 -65451.261765524636 78481.47173359981 -0.048002089729833976 -0.17677424810127818 0.1831756954680486
324 0.2 -30015.52953918306 -80515.36076706374 85928.19870664112 -0.1514902401137259 0.08086673120385211 0.1717228029858306
325 0.1 -78737.89953012334 35098.46517158913 86206.49093784674 0.18681561774143188 0.019052281865278693 0.1877846225770013
326 0.05 -37174.342249180525 66795.29697298273 76443.07306334672 0.010976296710078942 -0.15033794220310887 0.1507381038600824
327 12.29 70607.40706263542 54089.26943948898 88944.11166910564 0.15196237326911602 0.10284625421251281 0.18349363720610848
328 3.34 -27456.873712474706 -83484.58942419947 87883.76747380567 -0.10782110372112953 0.13811673073800712 0.17521878243327038
329 1.48 -46256.311593941966 4303.446603075302 46456.0654268242 0.14761268883782455 0.10949569235190772 0.18379013180678672
330 0.23 10501.586514813243 16383.847644549145 19460.569954857587 -0.1451232211120663 0.1147040359625507 0.18498044537745012
331 0.12 -3902.2148000396705 -85913.14355746248 86001.71810069148 -0.1829661900808702 -0.02416440785331807 0.1845549926705063
332 1.28 5787.189706139343 -82745.44813326639 82947.578333969 -0.021243958235244786 0.17953761381498162 0.1807901007684832
333 2.52 -67437.77606632715 14062.162794582016 68888.30135250406 -0.10488483447286631 -0.01236912158211573 0.10561166446521769
334 0.54 -19571.464941233204 1629.499389574048 19639.18298215439 0.122394878520436 -0.10548779322577287 0.16158026119447788
335 0.71 -26622.50911569778 -62750.3144267683 68164.21313470653 -0.0872015404681165 -0.15282601753597924 0.17595425625974492
336 0.19 81092.72586884661 -39482.17295208628 90193.52620813956 0.1704406443684033 0.06569555176161268 0.1826634029409812
337 4.48 -62285.65878378175 -63390.82865677205 88870.13248511516 -0.18031273600375466 0.0034166711975363207 0.18034510364085796
338 0.13 -18289.766357805893 79799.74629735346 81868.88946690987 -0.07328305789960882 0.1697862356373193 0.18492639721524
339 0.12 -82579.14555158306 20593.025231636646 85108.09578542082 0.1334607403831325 0.05843564102997969 0.14569314797271196
340 0.4 17632.218629919233 -30981.59413401704 35647.64100046775 0.10815206789993025 0.005898829964217359 0.10831281542817485
341 0.15 -86035.15860617401 -202.5981016207813 86035.39714780364 0.014494194714612876 -0.029329879946412597 0.032715799517910114
342 0.12 52107.799741184666 -68068.88596772478 85723.95249143918 -0.04270405471903734 0.09328212894618962 0.102592357757194
343 0.62 -24453.523805930934 -9637.641252976671 26284.19592546648 0.13148543545251962 -0.0339693549272355 0.13580256555128553
344 0.2 77577.71377253595 10521.01577306752 78287.88825272176 -0.15802846965940961 -0.04689807796715428 0.1648406107120094
345 0.51 28961.27107034551 -5291.730139041179 29440.747780490707 -0.0042384430659806035 0.17145206979761077 0.17150445078046328
346 0.69 601.9733371879279 -93110.26049726996 93112.20640586365 0.03320525159868392 0.09461507707828376 0.10027263606917632
347 3.18 -64031.757627315135 46854.90629886036 79343.86068952162 0.0757384993793285 0.08816477568935469 0.11622972064229858
348 2.27 33805.54156660798 -29381.820435572474 44789.57482182526 -0.1523353793725851 -0.0961516633478351 0.1801421943164478
349 0.37 -80343.04460108829 -30275.212768854057 85857.98346089807 -0.13072102440263583 -0.07965623035358968 0.15307874200887153
350 0.7 -12278.069974473226 44941.05349109845 46588.080999198 -0.11623526709627598 -0.13294370540441522 0.1765918065018832
351 0.18 93182.5453223163 -6110.258162587993 93382.66438455804 -0.026253922738087587 0.16483685586613409 0.1669145215700843
352 0.26 23052.268910254876 20302.346370625415 30717.948663013787 -0.06805621495994865 -0.15720281406988001 0.17130199399354346
353 0.16 -25078.695761087296 -43972.29066231797 50621.17469170934 0.1751611818172008 0.05005138691801502 0.18217184455347463
354 0.08 -27202.535140545886 20181.462729910185 33871.36483803668 -0.15083949256267568 -0.09144300412483244 0.17639267422412874
355 0.17 38569.113952361535 40728.971116683555 56093.00882724952 -0.09469018504949493 0.02009879508408772 0.09679975572562022
356 0.22 1831.9733879771477 69615.06415987032 69639.16487492592 0.1690386917670632 -0.029086683196882825 0.1715229269040032
357 0.09 -85380.36133020656 -37400.42814404966 93212.65003332356 -0.06975454627815665 0.12363837309839534 0.14195824748456676
358 0.16 51072.401192288635 -28747.4370082311 58607.21199723035 -0.15838321956647916 0.08925030276680324 0.18179895704929
359 0.11 -56298.10381321858 -57545.53015239454 80504.43797384146 0.14171493259961054 -0.05763906767091105 0.152988183346571
360 0.25 77434.76506415769 -12582.26143857673 78450.34189504843 -0.04783456753867979 0.16238308337999038 0.16928204754079926
361 2.0 29761.90568911388 -74603.58324937972 80321.01632757668 0.08013387047182349 -0.1283171497709295 0.1512836016299524
362 0.2 -66702.28832622993 21499.71159221028 70081.61575266176 0.03739140750676463 0.1527321001527177 0.15724252533076644
363 0.09 -63433.98971426883 -68028.42481211084 93014.71729509789 -0.007151239360259775 0.13989484106987482 0.1400775027702638
364 0.83 -88686.57027009447 28083.056145730116 93026.69395800665 0.1467062243150758 0.08959412871366454 0.17190062289807453
365 0.27 -55302.759213032725 35218.983505971875 65565.02097741292 -0.09970284426385244 0.03929625781097259 0.10716740657610614
366 0.04 93372.65210489077 1393.7953344855825 93383.05427932521 -0.04275096848234398 0.0411311320837217 0.059324660409200224
367 0.12 -90312.92539602955 -10298.576395833146 90898.21323529749 -0.11316867465282797 0.10316457027942302 0.15313418130389975
368 0.33 -20525.81718731171 88533.49102780221 90881.72646234707 0.15478323140908123 -0.056305842948155146 0.1647063953692737
369 0.5 -12584.738415447904 -14202.007698016138 18975.580719434118 -0.15338253350485637 0.016233307684651706 0.15423917097401996
370 0.07 -79649.29552912999 -963.9461706737311 79655.1283377702 0.022656824833409913 0.012210780940480379 0.02573781037128487
371 0.02 81572.40327849842 43774.13771500339 92575.54811785917 0.009029666382872751 -0.11814401346997559 0.11848857663833993
372 0.11 -56790.412973783736 -69924.33551937951 90080.87312831543 -0.08820199205517705 -0.13100410164953175 0.15792930713297756
373 0.13 -90850.77957144065 -17151.269031176085 92455.55785412945 0.057023781825600355 0.03509814454547456 0.06695962547855755
374 0.11 -82814.7218421563 -14798.41960405277 84126.52005504169 0.03690418607429556 0.15208037755789594 0.15649396214537611
375 0.98 -78965.4030075575 50752.707101570246 93868.90939114905 0.09035310861461468 0.1328075143481935 0.16062851584843202
376 0.27 85298.67827749385 11370.443045552182 86053.18989403905 -0.0704613177993349 0.16404286731151854 0.1785353175755524
377 0.14 45543.73906166377 35120.71286829141 57512.57810334961 0.15764899147514816 0.07543299453325147 0.1747665333448738
378 0.93 83794.28650807976 -44094.24772372351 94687.8299134543 -0.0010215096890325893 0.11722267525160662 0.11722712602119192
379 2.05 89628.66292418569 38851.541404714124 97686.94634954823 -0.060682174455735115 0.122504243613444 0.13670997037516433
380 0.47 9037.847069494806 -43124.22847765135 44061.11393785059 0.14182284900903583 -0.08509231101453368 0.16539172257048992
381 0.13 4634.524240894911 -51283.569789051486 51492.5562120192 -0.03728511613689626 0.0536685923285795 0.06534904504178393
382 0.22 -70913.17948167735 37746.72040566677 80333.64130664166 0.004621304790602116 -0.12162903639542878 0.1217167981523018
383 0.09 -39359.393040752926 -17119.193785234387 42921.19076159092 0.0191050827848092 -0.0429059868706029 0.04696730668832056
384 0.54 51373.575477257386 -84815.62246875068 99161.15203081853 -0.08134032837654716 0.014547556802544517 0.08263098952165454
385 4.63 20203.462721364464 -9415.624084113211 22289.770811448383 0.05031527469012468 -0.1593459883066576 0.16710107975883387
386 0.27 40328.46846199858 -18218.71736540177 44252.76297510479 0.005606999227659827 -0.0031155802575586725 0.006414458720754797
387 0.14 28644.50785624103 -96638.70932152201 100794.58303726386 -0.10852225600363746 0.02134525815907863 0.11060153748477795
388 0.48 -24597.155396839917 -57626.968267371325 62656.9032533919 0.14381439140491184 -0.08379867137193235 0.16644757883149364
389 0.04 -16606.238969734135 -4347.519565333721 17165.89930912086 -0.14618531738615706 0.09092643483823656 0.17215621851006008
390 0.74 99956.43895364873 -24421.062897691223 102896.44309376054 0.010597186473741933 -0.15226617437257695 0.1526344922329788
391 0.14 -32107.546602236212 96958.88146824072 102136.76734842904 0.06614766794395312 -0.01603622461493373 0.06806375301380382
392 0.13 -46743.6526610931 -7322.925949199688 47313.78560798511 0.15031678596710862 0.06992400894362955 0.1657845082335208
393 0.1 19728.40520990376 -37837.6448795872 42671.973731711885 -0.06718070749065669 0.14637862110753394 0.16105883451797406
394 0.62 348.0160810438502 -55099.548063365924 55100.64711035467 0.011167325916830274 0.02940070014761528 0.031450124599160086
395 0.18 -44787.42897835785 24988.51814712791 51286.838795940515 -0.030722987534984657 -0.01025629224641163 0.032389712776105715
396 0.08 38888.21045015205 58071.7621672375 69890.07421103166 -0.07761354896485631 0.004827854041859839 0.07776355931649252
397 0.44 -52172.05276819909 3327.111719743033 52278.033268700936 0.11043713276042387 -0.08719508925781189 0.1407101413652238
398 0.44 -76417.5495083378 69791.64637796594 103491.62177203673 -0.15500287983814898 -0.05438332631578639 0.16426636581871823
399 0.17 84904.8643960724 -58044.809113599105 102849.57881853284 0.007559407412932543 -0.14553063214390605 0.14572683188980537
400 0.34 -54161.79833587253 -51689.728673915386 74868.74147038077 -0.110785230162727 0.12172708042919755 0.164592980810315
401 0.14 49332.70616922698 -88237.12951012464 101091.5769100759 -0.04200410050913425 0.16680793548181264 0.17201520804651554
402 0.21 14671.109109967922 76164.07110433435 77564.21320236984 0.026883638998298237 -0.161498879509906 0.16372115968544187
403 0.89 50948.06653720776 -13929.332483185168 52817.9116144028 -0.02510139914072636 -0.03570927525500612 0.04364896995416788
404 0.15 -3340.87282107352 94104.13103717972 94163.41598237226 -0.04668474852197473 0.06236889747704954 0.07790600180385808
405 0.51 -58601.56644104035 88264.10132722334 105946.66192214843 -0.10216582728998326 0.11232324957289425 0.15183665124225235
406 0.5 -14555.650628723897 33258.24565295868 36303.96492310468 -0.14216676433724187 -0.004667464315356814 0.1422433622537656
407 0.17 -69297.18425718708 -68807.49285016142 97655.36758570699 -0.07378060798392282 0.1475753748478448 0.16499111908208636
408 0.14 84706.67677814238 71472.9612988375 110831.4273463164 -0.009642297253891579 0.1619065642373695 0.16219343217122528
409 0.1 -39977.57401394076 -26010.75391545047 47694.504330061274 -0.004755084313462538 0.01193678022179109 0.01284902910306769
410 2.77 -43523.017376430245 -98792.78848310499 107954.93549540275 0.06732513207442979 0.09051253458233768 0.11280599419072682
411 0.37 -44564.52404663428 -21973.414567983284 49687.29969800638 -0.07336844650264016 -0.12671551658432229 0.14642319176087656
412 0.1 -73126.94025153172 -97399.94718331407 121796.13746693062 -0.13748001093081483 -0.009497577752413727 0.1378076826185685
413 1.29 53734.16748375946 66871.86148901039 85785.81825790381 0.06250610310646885 0.005802032922329936 0.06277480793748648
414 0.11 48849.84679179096 -118209.22386046968 127905.15289571442 0.01570386477898792 0.119513072257365 0.12054039077998248
415 1.35 106820.67185508035 -19207.70693628747 108533.8285573722 -0.14164778268867262 0.05401759829987981 0.15159813741172615
416 0.21 15227.26877501826 -90952.21262344182 92218.08225855934 -0.12001028193769953 0.0758845043835051 0.14198917485603027
417 0.17 2410.0763218201664 63122.5635356794 63168.55622216548 0.04148935970493569 0.14592675086399312 0.15171019605302558
418 0.69 114968.11825459338 54479.725422870935 127223.0666866413 0.008606168414245247 -0.025300825927220938 0.02672448179804218
419 0.25 -121781.39655749919 -34004.67818809013 126439.81448171477 0.04947384164861453 -0.13427464337584033 0.14309905960970284
420 0.27 -10730.37379943399 -112771.09690564722 113280.45382667947 -0.1223378240423251 -0.06838103177380382 0.14015173455173813
421 0.14 46185.87856878993 -23776.839629762493 51946.83322350317 -0.11709019046925932 0.09117152371947919 0.14839932426213734
422 0.12 -4576.8764656574085 -112923.08802188109 113015.80246398905 -0.13390359395991952 0.05688336404834165 0.145485014970062
423 0.09 -512.9703441077128 76454.3417047954 76456.06257248376 -0.10215993816219208 -0.06071698123162982 0.1188410904324973
424 0.21 -10127.908725379186 -121053.41677267765 121476.3526267117 0.1350722559613901 -0.02575571303081996 0.13750589472537253
425 0.05 50909.113218088474 -93304.46692888181 106289.51668690074 0.058756706433466234 -0.1390602051201213 0.15096387382072157
426 3.19 105952.79065699878 -30064.519498235048 110135.68531890817 0.011128013846303252 -0.017109774908187134 0.020410220223514176
427 0.12 105623.08778512674 -60603.03400153004 121774.23538439976 0.020145595295573842 0.07937044353471065 0.0818871926293101
428 0.24 80165.41820500082 -96910.97411938857 125770.54973542686 0.12487917525804482 0.08082783306934797 0.14875465374843186
429 0.97 -8902.507719513931 -117153.99615122307 117491.75910631688 -0.05373036192319687 0.09536265955685545 0.10945770247065502
430 0.1 124007.3504524702 -5588.7409146384925 124133.22275383298 0.14529928663045275 -0.022598091906667523 0.1470461031552372
431 0.12 -64626.516979021784 78710.0300833245 101842.30718398734 -0.08284905362268176 0.11915591025572594 0.1451278630554609
432 0.16 -60401.79984935731 111847.09461607938 127114.71196954361 0.096873692019341 0.0864639425902922 0.12984808652311933
433 0.11 19114.79139120926 44750.50394148523 48661.924057175675 0.06732945196116899 0.06650797927082092 0.09463913782404883
434 0.2 50952.53982533064 125231.00980279883 135199.73051334312 0.049495279338945375 -0.13938719864814395 0.14791407581368776
435 0.12 -11451.07186370649 114836.81733495496 115406.33285244611 0.02073973546553565 -0.14545073386411284 0.14692192691626862
436 0.12 -125720.34252421153 -19926.723958051964 127289.74370351083 0.07569338870882256 0.1269116992944809 0.14777032351604855
437 0.06 -73501.63569555296 -69180.83392251382 100937.9920155747 -0.01963235687622387 0.13955119131071045 0.14092538604791519
438 0.63 132087.77379797518 -24270.25366588884 134299.01414348374 0.1318258770432321 -0.03899409203194681 0.137472182901172
439 0.53 -74527.31051691955 73406.8536071105 104608.25096225011 0.11851743168545428 -0.021068521867581222 0.12037551340285563
440 0.13 73428.54228887266 106887.25795433715 129678.97568868198 -0.11219309441434035 0.09651082228583278 0.14799199050135345
441 0.11 -38390.44774482509 40306.372423365094 55663.54404795972 0.09767268355070985 0.07599886991611159 0.12375694461533525
442 0.7 -57109.47184300889 103262.10621494608 118002.34893481668 0.03964172985067288 -0.09205668804808805 0.10022924004469316
443 0.1 -106715.58972753637 72912.3446648185 129245.60764458169 -0.07701206008340761 0.12107454164223105 0.1434918186941915
444 0.09 57966.17148456511 77364.7274833063 96671.49577380219 0.0578553362214286 0.007513996878232169 0.058341238231465656
445 0.2 108578.35083047042 -80218.29845368829 134997.16173264428 -0.015521889419518656 0.06108795306433067 0.0630290969373799
446 0.69 78066.89545378309 -102395.9157211257 128760.87807311573 0.039645585732664704 -0.08316622368991894 0.09213247652661737
447 1.07 -69041.04651890438 -38061.328944862486 78837.36972701806 0.06667539230379836 -0.0016590069987279005 0.06669602869052431
448 0.67 121022.63904602465 -47893.2358179524 130154.68181659225 -0.1013447998950301 0.010035430916193066 0.10184045531829371
449 0.49 43052.07764729754 77737.30412627589 88862.64593500493 -0.05521542563541344 0.08624820703293416 0.10240847838189836
450 0.21 1431.858277088203 130736.6586535247 130744.49944075622 0.09036630568301961 -0.07430366938212496 0.11699189923428492
451 0.08 -117177.24367839929 -50174.82507228241 127467.71947085705 -0.07937035865781637 0.12085501507391685 0.14458764989440515
452 0.58 -94906.29906876395 -33171.96275391658 100536.48450128388 0.053510593345137754 -0.06014664699179556 0.08050467529593776
453 2.33 55186.18438261345 79530.78226371837 96802.17081342127 -0.09113769896121687 0.010724280508922249 0.09176649913982467
454 0.07 22496.41340591771 130406.8352396222 132333.03175452427 0.032158303666529796 0.13873371868950532 0.14241208233899094
455 0.17 -88705.53255148724 -101314.62357872145 134660.03288333543 -0.03932692490695497 0.14185910291696374 0.1472094158097334
456 0.35 12947.489782589028 -44996.62755315317 46822.366266854035 -0.12837848135063745 0.05210839616824931 0.13855078283836286
457 0.52 73720.09465081415 -85365.98724346422 112791.86199977502 0.010196494209447961 -0.09747915651374581 0.09801099146929726
458 0.9 59557.60230766654 -10054.364425665844 60400.31652766615 -0.021829841459365288 -0.1423445517969136 0.14400872683419308
459 0.5 67390.96684310677 12941.627652956622 68622.35888073572 0.09317110382487845 0.10518603513773594 0.1405167483823309
460 0.57 88973.88738811828 53725.07411361634 103936.21229132377 -0.016650790691346867 -0.1252842369605753 0.12638587287130087
461 14.04 66683.60730630414 74303.82459368557 99838.67904089362 -0.06779906995018173 0.1247252973635073 0.14196166274218178
462 0.83 54240.26422532584 -122668.7335924281 134125.4057380751 0.019436643245607687 -0.11130250903077338 0.11298686479942002
463 1.2 -48000.80739354738 -84357.31133741715 97057.88729675894 0.0051020804667456995 0.06872966595197981 0.06891877978432208
464 0.39 93682.38616833837 77670.3367988793 121692.5252291406 -0.13352419338519417 -0.02263670936894048 0.13542943118178044
465 0.55 -12238.091147571306 33932.806409977675 36072.23621836169 -0.07783722330000117 -0.12420695744529961 0.14658104109629155
466 0.09 33592.09043545035 -130084.54439111202 134351.84118301718 0.07371929218451032 -0.08863821057024332 0.1152877548279955
467 0.59 88851.58452453418 -94091.257037259 129413.17059469635 0.026430887027002452 0.14207954213623436 0.1445170857811496
468 1.72 -123927.48008004374 -53266.51757998363 134890.11162456774 -0.015977488298933206 -0.13416788846899308 0.13511588518220466
469 0.1 -85605.93182389373 -104417.13000917103 135023.37798614457 0.12388414075356387 -0.08076387111321971 0.14788537185077363
470 0.29 69507.96904116393 108467.77757396236 128827.85619601831 -0.04662180045847912 0.10557332719906799 0.11540935704643586
471 0.29 79875.35163449399 -29443.053975809456 85129.10915871545 0.10598179649362327 0.0024738617439266346 0.10601066540657048
472 0.17 -116199.25235278305 -67062.42077857177 134162.71660945143 0.11203317790705179 0.07818523272685365 0.1366175814765632
473 0.39 87582.39657969035 -58319.15328036394 105222.62033413128 -0.10184373611102529 -0.07171453394315792 0.12455970842827349
474 0.16 -51822.43353204434 -67543.9333925115 85133.7039915167 -0.05454796607844593 0.060460019480738474 0.08143030491719015
475 4.18 17104.684608954187 60641.526238272905 63007.65778918413 0.015560514846981958 -0.07030680137159093 0.07200816579671701
476 0.3 -72319.29921753082 90373.81257602901 115747.60057488005 0.12586249060614027 0.07368773477543192 0.14584666193614151
477 0.12 74383.48724418544 66317.14616863786 99653.73575816603 0.0533639736194779 -0.005623492829453081 0.05365945724719216
478 0.34 -71654.27830932445 35666.3153941833 80040.12527368683 0.14580022079234306 0.020811177789793904 0.14727800074720732
479 0.42 -129050.6799268069 38274.97852662921 134607.02793979624 -0.09500322198752563 -0.0676514756527258 0.11662904589338981
480 0.93 56564.86034014954 29886.41232943789 63974.84714499753 -0.028060007206866196 0.13441539238485084 0.13731300635563554
481 0.14 -123826.58937255519 53812.67308167065 135014.1771068289 0.021695837676419222 -0.1004787358852745 0.10279438572988449
482 0.87 -125047.69024068843 -31531.717325417252 128961.90922912543 -0.13884808293517084 0.036397066629461926 0.14353932072432826
483 0.11 -71574.8456536288 -105260.77767328544 127290.17969476519 0.10464360752203782 0.10075524173809716 0.1452649418577266
484 0.09 21280.204702686264 -91806.13737514234 94240.19297482225 -0.12255547619658139 0.07231944340109449 0.14230230721817178
485 0.53 -131069.58525557596 11949.907880741535 131613.20783806962 -0.06807518619486728 -0.09382737479093238 0.11592155638889576
486 0.19 75523.19077133262 112779.01445280788 135730.83085736178 0.06804585572108704 0.12965068071833738 0.14642246238724183
487 0.13 -34589.62719496815 95025.35884217679 101124.97778774217 0.0761663312110295 -0.02704938678308782 0.08082684786312858
488 0.54 -31038.449497511247 133010.8429771012 136584.2952051539 0.1145750102260191 0.09192102011967317 0.1468907992630367
489 2.88 -298.6891069527035 -127983.77610501523 127984.12464552501 -0.029330344372650346 -0.06848261604748723 0.07449924698764289
490 0.19 45639.675933646664 -124048.20205465192 132177.67002152835 0.10853216267853545 -0.03876297542600915 0.11524668585064593
491 0.9 130627.89549665646 -39225.545478788306 136390.2140917518 -0.12226295079380199 -0.03336129375289401 0.12673280971269646
492 1.19 -80654.5109736031 -84843.5137144025 117062.25676876843 0.07392782933180944 -0.12259289392827044 0.1431584492491495
493 0.08 -124291.23668903792 37120.34250909066 129715.96411268217 0.008910586279880367 0.0742134329451429 0.07474645260715998
494 0.12 111376.26076134884 -11540.055859206392 111972.51604931263 0.09583457107200853 0.06033640138719298 0.11324639660895314
495 0.16 -113959.5367071117 -79577.61333264165 138994.14574081518 0.07250632417156473 0.12241438259300455 0.14227595759824824
496 0.08 -96848.03362135262 -66429.90970430593 117441.36630525417 -0.04850399933052037 -0.056030069208845706 0.07410807382872098
497 0.1 -122568.77850055188 13896.219581362942 123354.0043199685 -0.1137186497188319 0.08756237859132224 0.1435238706224314
498 0.09 -93852.45826658978 3669.739546793859 93924.1763925736 0.01123941105819532 0.03427264191195272 0.036068522905159585
499 0.13 -131621.4299836958 -56575.775846807344 143265.5549796291 -0.05813870705132987 -0.03192347935204156 0.0663265994269311
500 0.34 -55586.282868844784 -134326.41102645986 145373.37975855367 -0.017536103415805186 -0.13269109386244693 0.13384484044378595
501 0.59 -105569.4017201022 90850.74362110984 139279.41770430026 -0.059973191962582335 -0.10135016530056358 0.11776518908672594
502 0.49 -39861.3374657387 -9760.719120253401 41038.979791193444 0.02106293001215958 0.13249630182151126 0.13416004255020994
503 0.23 48013.97304233197 133868.38350332147 142218.4436319781 -0.07654288035769578 -0.0918617157799867 0.11957168293327475
504 0.25 95594.91821279135 -103871.22582352789 141165.22214126465 -0.04093734476418149 0.04101780656189945 0.05795107118501658
505 0.27 -13643.613152624015 148035.22680218858 148662.62662227475 0.014851313047352259 0.10797936539411576 0.108995893730665
506 0.54 -134630.2952099925 -58609.77989057626 146834.67808100212 -0.06804710258064335 -0.10073907732338448 0.12156796399375716
507 0.33 96397.24031195643 -94646.12912323495 135093.7367081581 -0.09475294831511256 -0.05499878825365533 0.10955814859597075
508 0.12 -91608.39391467287 -119695.45163172585 150728.56058806073 0.08762519699757601 -0.030105945085456096 0.09265280933869463
509 0.14 57814.54867028296 -80540.9988553411 99143.20216013084 -0.010631719237458679 -0.0534179141598292 0.05446564979077208
510 0.08 97242.1773089283 -108400.6050813965 145625.31452255798 -0.07359603881976517 -0.09770404894197045 0.12232112699617896
511 0.3 -86799.77733302618 124059.37811800773 151409.81026370038 0.04346612981073792 0.10826975115550469 0.11666894812244957
512 0.62 -79927.86871982028 83492.2317683137 115582.94408668883 0.12105197456131682 0.05171826830156859 0.13163722809793107
513 0.21 -101234.60145500106 130230.34226623623 164949.64861597595 -0.04832881000232524 0.0976637518180546 0.10896734508750508
514 0.1 5471.522128384459 146446.27565556232 146548.45344726893 0.031231825919559086 -0.1196711668171798 0.12367948543576224
515 0.78 17111.139002199365 -158319.811828059 159241.80950750527 0.09307161303769564 0.057868549900810196 0.10959513776195144
516 1.03 105337.69048231731 -85033.7502425481 135376.39275907943 -0.0794662504620619 -0.01312474422209634 0.08054280770742106
517 0.6 -57108.72233857804 91877.00716722592 108179.437108682 -0.1002112490133326 0.032519132069075966 0.10535553321652431
518 0.35 158006.2073006163 -2341.1808257549005 158023.55100801974 0.10055796144951568 -0.017003299600977153 0.10198537055971739
519 0.46 4716.54319107994 -70830.1654377348 70987.02779811397 0.02502214542008508 0.10279493310935484 0.10579653129654402
520 0.34 -61412.239442934515 172998.45424137186 183575.40228282317 0.08878256021949955 -0.06382160207754191 0.10934139148041407
521 2.91 45486.05658578186 177171.23390091088 182916.99610942727 0.09038777608071213 0.048952742265766465 0.10279261179751935
522 0.09 -71648.39505846033 -62914.54810783158 95350.57880299342 -0.06585979127292915 0.06596878272100386 0.09321691048412199
523 0.21 -52307.49143668881 -176187.14867381076 183787.88049870636 -0.022567580022541816 -0.10599438834392604 0.10837022666985999
524 0.04 -51359.419424025175 77696.57711642988 93137.25387395888 -0.02204846329737582 0.10285040428453535 0.1051871683964736
525 5.54 -45306.82638788355 -148357.27106720352 155121.2055002459 -0.07537974044112293 0.01665651717654501 0.0771980882757054
526 0.21 -86906.39655003799 -74728.9718527292 114617.3677741661 -0.051152277561255476 0.06074523404162151 0.07941372021555906
527 0.01 -128134.15168852311 -128481.43605738475 181454.78841933407 -0.04070665481733275 0.0872469691538139 0.09627598544260159
528 0.16 -32486.39149406168 130830.79751049563 134803.79523417636 -0.06862837318690189 0.04668230921030266 0.0830005518023042
529 0.19 -77830.62106972473 173911.40480771445 190532.89033206788 -0.09936842485585527 0.0069671470226873025 0.09961237370914065
530 0.96 106973.02759103198 157691.26155950283 190551.20730191984 0.0026158696601247364 0.040194917589935646 0.040279947543914195
531 0.44 -36490.725570312345 60843.63235114086 70947.30897171958 -0.08799480026073028 0.0018319963469453139 0.08801386870000114
532 0.3 24263.95089428615 -141607.1042518073 143670.84355422485 -3.625286234431858e-05 0.07277209066485732 0.07277209969489846
533 1.11 123644.98113231148 38237.99615105814 129422.66304190313 0.011015282795447593 -0.10246618917070348 0.10305656882620377
534 0.13 -69398.26524049428 25367.399738711163 73889.26977507329 0.0032155909112195867 0.045199073875802034 0.045313312659068836
535 0.28 81492.9992487659 -155616.959868137 175663.7330958235 0.026324967414993627 -0.039451575051340275 0.04742816339931382
536 0.25 -140993.70990226069 -76309.10960673689 160319.3888491839 0.0009672206610304705 -0.049731193083471056 0.049740597918728355
537 0.11 11971.39243190876 -97504.93105486725 98237.08982239435 -0.03343675304791721 -0.0072273992110815245 0.03420894259903019
538 1.46 24366.474191217 -52132.11803553141 57545.48457856466 -0.016872187599009585 -0.10357563152540364 0.10494085076967101
539 0.12 57129.425190527356 130732.98966453347 142670.5499016075 0.040930139104284245 0.094610749019332 0.10308477150915692
540 0.02 57110.35830019889 -127355.3410997541 139574.2667249655 0.0055618460095543665 -0.06539847116313406 0.06563455005947152
541 0.11 104537.90559457753 159301.60291335147 190539.16761879672 0.061846081736518586 -0.07583209434238607 0.0978541994934948
542 0.1 -78478.90584646213 92090.76208381738 120994.4094743064 -0.004837841168370011 -0.06373768744849494 0.0639210255585156
543 0.13 -159750.2413969972 -102264.51586246958 189679.12597590746 -0.08257068401162143 -0.06264344622426628 0.10364419526919767
544 0.76 -98021.83649201508 83460.51242147438 128739.80566601154 0.022349277570134416 -0.06305264348956914 0.06689638300334047
545 0.34 -111661.59649280428 -131669.59418868212 172641.8088561808 0.10309158288548086 0.013943117236940085 0.10403021186230962
546 0.93 167888.5048004332 -31012.570688704345 170728.81884686887 -0.07489979974561937 -0.06908508304901918 0.10189567557960329
547 0.19 -107247.08171647937 3600.446525255987 107307.50091155061 0.031890228020247546 -0.09578845971006279 0.10095749430730591
548 0.2 76241.37083531002 85678.26569026876 114688.76073329743 -0.03152893495308141 -0.08193985588769653 0.08779643342512333
549 0.2 -162764.49074098273 34261.220154088194 166331.32793499352 0.005642991384195192 0.08662685801096726 0.08681045951159562
550 1.08 -65944.87879765294 -168773.20024243093 181199.1174363408 -0.024996303978542068 -0.06475100853648265 0.06940827269914823
551 0.94 50500.63309685677 179405.5218436911 186377.7218746663 -0.0759440398483771 0.020029176583266854 0.07854084990051721
552 1.11 -51694.3409177122 -41072.12374676045 66024.42148164465 0.06718379151905314 -0.012445835948534836 0.06832686642407537
553 0.17 114295.71779127415 -89009.53166378637 144866.1721466719 -0.0994044904573189 -0.0008967487761083956 0.09940853525450748
554 0.2 -61118.4010108956 153658.98729700406 165367.90292940618 -0.050427085467530726 -0.0895371783139623 0.10276087411644536
555 0.57 -104753.2822153329 -115585.73232451097 155991.38326163622 -0.10047182780956958 0.005419260790078416 0.10061787401305336
556 0.15 89227.73421363637 168103.52908715847 190316.5390722952 -0.047319755089400624 -0.0891454888118101 0.10092609869214908
557 0.12 126065.92296150116 130369.03025233428 181352.42204357017 0.09263729973631135 0.049381585660328416 0.10497718944972542
558 0.25 -113898.4208652887 120894.71980317036 166097.5121785197 0.10177717863236721 -0.019257185558943464 0.1035829777811797
559 0.53 21538.942280928244 -185519.77347565294 186765.92940105198 -0.10006603057373624 0.013308679696580006 0.10094717148117661
560 0.09 -153771.01712498057 -112608.51830119107 190594.34435900964 -0.10189110725442238 0.004479019428099981 0.10198950609042827
561 0.78 190125.68006640224 -7217.399459468354 190262.62133080547 -0.0769625618330184 0.019363882317238786 0.07936117351890062
562 1.83 53899.502768760954 182780.25088320163 190561.73936980581 -0.039685615675730826 -0.07755584170112971 0.08711978347960067
563 3.97 -39431.49947952292 -28433.097262532818 48613.62125108834 0.07002142597600829 -0.06538836688891965 0.0958052118629961
564 0.14 73736.16789545795 -165173.86135339303 180885.12080958197 0.10268374890050047 -0.014476683104689263 0.10369921234982755
565 0.62 -43003.553333788754 143244.15768526925 149560.0023746132 0.015897871143823503 0.00863000539901097 0.018089203965143807
566 0.77 156003.63822102625 83997.4264256384 177179.8599850654 -0.05209688915277179 0.09086105031386622 0.10473689093884313
567 57.3 -151226.36935666963 -40613.2619366724 156584.9668197322 0.08881304044487623 -0.05371747893605946 0.1037946226753063
568 0.15 142195.01043685392 113429.06373207114 181894.40203665217 -0.09270822454551265 -0.031213473773017104 0.09782175547065194
569 0.69 147078.56157120623 -120983.52553165694 190444.52400613725 -0.0389808670998024 0.09547703267724923 0.10312793883669438
570 0.14 -19968.733114647635 85361.35796618798 87665.90977133419 -0.05801890653802859 0.025725089220802924 0.06346631966079935
571 0.2 125032.13091238288 -84204.70453587752 150743.04636189918 0.06365937688994912 0.07996841325982779 0.10221283376030227
572 0.18 -24415.076046982296 46675.94534811809 52675.79911610677 0.04254725069255783 -0.04646217380876821 0.06300001695659732
573 0.1 -159776.14113723315 -103865.54581014377 190568.7982938029 -0.03766158336070336 0.09741521296770383 0.104441938792701
574 0.52 157097.56398148753 -73239.00014378493 173330.88516181672 0.08166281461043744 0.06278898718758336 0.1030110295169463
575 2.69 -108804.85730772567 74247.15030732876 131723.71199793002 0.06723500758471097 -0.07760719742577275 0.10268117323637771
576 0.21 125464.29957631703 75528.47432821573 146443.98554574978 0.06055380254651459 0.08260513155090314 0.10242251100897835
577 0.11 60687.971370866166 159533.44613036315 170686.70218661017 -0.007350184494292729 -0.0201338225396326 0.021433525658592873
578 0.1 98014.55620039828 162841.61268725176 190063.7894227776 0.06538026673516381 0.03567318265079989 0.07447922689447373
579 0.7 122079.62247290976 -146176.47660886246 190449.45927176977 0.04559909506191068 0.039647735587751864 0.06042532918984763
580 0.1 79157.78651234944 134134.89729185269 155750.20332901835 -0.07933913847598956 0.03871441845275688 0.0882808308198751
581 0.08 -176432.791474382 -42429.13098692184 181462.83659126496 0.07388202786504985 -0.058362712443865185 0.09415285574669151
582 0.56 -114475.37313453906 -53754.963263216516 126468.20600341297 0.04196514260913394 0.03697530228005185 0.055930726554427636
583 0.16 -10766.759931278602 87451.4091351191 88111.70228259002 -0.0927286826195913 -0.005056554125636859 0.09286644883912806
584 0.22 57502.86221744509 181511.81584470306 190402.51693304864 -0.011353806166279264 -0.03137900405511079 0.03336990874953213
585 0.23 173341.5597110592 51113.25286869992 180720.3943717542 0.048640398395836726 -0.07358794894255653 0.08821039953247023
586 0.52 -120377.08241124259 120589.09898658382 170388.88685662337 -0.05440912338401747 -0.0033166912335422837 0.05451011968576012
587 0.09 149797.80511505084 87105.9715470875 173282.5227668641 -0.0983016025838064 0.01675680063302577 0.09971958402440106
588 0.04 172100.82523276887 8686.193425204207 172319.88858521267 -0.08771279349786025 -0.0017547605775230335 0.087730344396239
589 0.09 52395.169446636566 9591.693589932964 53265.88370866402 -0.03852735350853019 0.059255637077913 0.07067947010186615
590 0.47 135258.44036257477 -83668.11982962045 159044.6477098174 -0.02523761214970665 0.10158277623911978 0.10467090090118696
591 1.07 -77929.69313647167 -78370.41218615277 110521.3037317789 -0.004301588680091238 0.08577670011656027 0.08588449189498067
592 0.11 -52106.31777152165 -483.8826731456271 52108.56449901651 0.08027674832289942 0.05489347730735212 0.097250450755721
593 0.1 98178.37840282256 110775.6589020951 148021.0815762442 -0.0588970274438015 -0.022491073790365218 0.06304528723036766
594 1.18 156496.7951572351 98770.87396027516 185059.26736416676 0.0839233509789617 -0.058839706716957554 0.10249507269169368
595 1.69 12143.502561605319 149560.89590888296 150053.07807416495 -0.09917797878083118 -0.031633965871846435 0.10410081302195552
596 0.08 -62318.44721390748 170529.94942729705 181560.05208973988 0.07342442224958463 -0.06517479133335755 0.09817789572012631
597 0.47 16794.777247784263 138492.00803664848 139506.63365168625 0.0716801754739225 -0.07528740928447712 0.10395307380131043
598 0.66 143077.92928424527 -34849.428906058936 147260.9131553446 -0.0318836607561359 0.022691360257922462 0.039133945029439385
599 0.33 -166136.43080035353 -91274.8944610705 189558.48701116026 0.05288857375476931 -0.08949621408671588 0.1039556326981321
600 0.76 -115982.9619067523 119633.66415694372 166626.111556021 0.006120432554467068 0.10350995836494327 0.10369074778091857
601 0.12 -94505.27978187059 -129468.79124924772 160291.65859205188 0.0800444792637675 -0.06268201096240808 0.10166687345885655
602 0.11 161109.7138953379 56455.260069785276 170714.78055805457 0.045409884916592785 0.035468100565305 0.05761982129310008
603 0.19 -108731.59198720034 57608.540395603304 123050.00212345738 -0.0009838883209004154 -0.051511553176199334 0.05152094862143375
604 0.08 -75111.09921193396 -156597.5866009788 173679.24848431387 0.08457771766164995 -0.029897906973207516 0.08970660603451869
605 5.74 70722.27064323705 155535.22397018285 170859.13923577577 -0.06969923387830648 -0.02553196780003046 0.07422846208136512
606 1.52 139299.91991114483 43654.30327497215 145980.018775429 -0.09347133327581678 -0.01668228277301394 0.09494834755211705
607 0.23 147752.1393855873 1489.792658386021 147759.65002389185 0.08903496033272712 -0.0013132296150855658 0.08904464460860198
608 0.57 150969.62040862982 -41378.97998887878 156537.6832307346 -0.05713906960368271 0.022533887185986038 0.061421896314630686
609 0.16 128990.83023717065 175579.56002161276 217868.80497826598 -0.07598555625795017 0.008008885589260285 0.07640645920478172
610 0.36 -75502.32565367378 203277.44372845904 216846.30572802073 -0.07237381915819324 -0.03702559844305307 0.08129492382436355
